bug?
	1,0,-1,1,0,0,0,1,-1,0,1,-1,1,-1,1,-1,0,0,0,1,-1,-1,1,0,1,0,0,2,9,9,9,8,False,20,1,3,0,malom2
		az elozmenye: 1,0,-1,1,0,0,0,1,0,-1,1,-1,1,-1,1,-1,0,0,0,1,-1,-1,-1,0,1,0,0,1,9,8,9,7,False,18,0,3,0,malom2
			22
	masik hasonlo:
		-1,-1,-1,1,0,0,-1,1,1,0,0,1,1,1,0,-1,0,0,-1,1,-1,-1,1,0,1,0,0,2,9,9,8,8,False,27,2,3,0,malom2
			19->18
	meg (6-os ugras a tavolsagban) (most 4-es):
		-1,0,-1,1,-1,-1,-1,1,1,-1,-1,1,-1,1,0,-1,0,0,1,-1,1,-1,1,0,1,0,0,2,9,9,5,8,False,46,4,3,0,malom2
			7->6
	(regen L24-rol L8-ra ugras), most L16-rol L24-re
		-1,-1,-1,1,0,0,-1,1,1,0,-1,1,1,1,0,-1,0,0,0,1,-1,-1,1,0,0,0,0,2,9,9,8,8,False,26,1,0,3,malom2
			18->10
	uj:
		1,1,-1,-1,0,-1,1,-1,0,1,0,1,0,0,0,0,1,-1,-1,-1,0,-1,-1,-1,0,0,0,1,8,8,8,6,False,18,0,0,3,malom2
			7
	uj2:
		-1,-1,0,-1,-1,-1,-1,-1,-1,-1,0,-1,-1,-1,1,-1,1,-1,0,-1,-1,-1,-1,1,0,0,0,2,9,9,3,3,False,96,2,0,3,malom2
			18->17

82 lepeses nyeres:
1,-1,0,1,0,-1,-1,0,0,1,0,-1,1,0,1,0,-1,0,1,-1,1,-1,0,1,0,0,0,2,9,9,9,8,False,25,6,0,0,malom2

124 lepeses nyeres:
0,-1,0,-1,1,-1,1,1,1,-1,1,-1,0,-1,0,0,-1,-1,-1,-1,-1,-1,1,-1,1,0,0,2,9,9,5,6,False,48,4,0,0,malom2
(és a hozzá tartozó nehéz állás: 0,-1,0,-1,1,-1,1,1,1,-1,1,-1,-1,-1,0,0,-1,-1,-1,-1,0,-1,1,-1,0,0,0,2,9,9,5,6,False,47,3,0,3,malom2)


1,1,1,0,0,0,-1,-1,-1,-1,-1,-1,-1,-1,-1,-1,-1,-1,-1,-1,-1,-1,-1,-1,0,0,0,2,9,9,3,3,False,60,-1000,0,3,malom2

0,-1,-1,-1,-1,-1,1,-1,-1,-1,-1,-1,-1,-1,0,1,1,-1,-1,-1,-1,-1,0,-1,0,0,0,2,9,9,3,3,False,92,-968,0,3,malom2

-1,-1,1,0,-1,1,-1,0,-1,-1,0,-1,-1,1,-1,-1,-1,-1,-1,-1,-1,-1,-1,-1,0,0,0,2,9,9,3,3,False,64,-996,0,3,malom2




dontetlenek:
0,1,-1,-1,-1,-1,1,0,-1,-1,-1,-1,-1,-1,-1,-1,1,-1,-1,-1,-1,-1,0,-1,0,0,0,2,9,9,3,3,False,94,-966,0,3,malom2
-1,-1,-1,-1,-1,-1,1,0,-1,-1,-1,-1,-1,-1,-1,-1,1,-1,-1,-1,-1,1,0,0,0,0,0,2,9,9,3,3,False,96,-964,0,3,malom2
0,1,-1,-1,-1,-1,1,0,1,-1,-1,-1,-1,-1,-1,0,-1,-1,-1,-1,-1,-1,-1,-1,0,0,0,2,9,9,3,3,False,66,-994,0,3,malom2

4,3:
0,-1,0,-1,-1,-1,0,-1,0,-1,1,-1,-1,-1,-1,1,-1,-1,-1,-1,1,-1,-1,-1,0,0,0,2,9,9,4,3,False,154,-906,0,3,malom2
0,1,0,-1,-1,-1,1,0,-1,-1,-1,-1,-1,-1,-1,-1,1,-1,-1,-1,-1,-1,0,-1,0,0,0,2,9,9,4,3,False,94,-966,0,3,malom2
0,1,0,-1,-1,-1,-1,0,-1,-1,1,-1,-1,-1,0,-1,1,-1,-1,-1,-1,-1,-1,-1,0,0,0,2,9,9,4,3,False,96,-964,0,3,malom2

-1,-1,0,-1,-1,-1,-1,0,-1,0,-1,1,1,-1,-1,-1,1,-1,-1,-1,-1,-1,-1,0,0,0,0,2,9,9,4,3,False,100,-960,0,3,malom2
	(7->6)
	
0,1,0,-1,-1,-1,-1,0,-1,-1,1,-1,-1,-1,0,-1,1,-1,-1,-1,-1,-1,-1,-1,0,0,0,2,9,9,4,3,False,96,-964,3,0,malom2
0,1,0,-1,-1,-1,-1,0,-1,-1,1,-1,-1,0,-1,-1,1,-1,-1,-1,-1,-1,-1,-1,1,0,0,2,9,9,4,3,False,97,-963,3,0,malom2

1,-1,-1,-1,-1,-1,-1,-1,0,1,-1,-1,0,-1,-1,-1,-1,0,-1,-1,0,-1,-1,1,0,0,0,2,9,9,4,3,False,97,25,0,3,malom2
	12->4
	
7,6:
1,-1,1,0,-1,0,-1,-1,0,0,0,0,-1,-1,-1,-1,1,1,0,-1,1,-1,-1,1,0,0,0,2,9,9,7,6,False,41,1,0,3,malom2
	3->4
1,-1,1,0,-1,-1,-1,-1,0,-1,-1,0,1,-1,0,-1,1,1,0,-1,-1,0,1,-1,0,0,0,2,9,9,6,6,False,66,17,0,3,malom2
	8->7
	
1,-1,1,-1,0,0,-1,-1,0,0,0,0,1,-1,-1,-1,1,-1,1,0,-1,-1,-1,1,0,0,0,2,9,9,7,6,False,45,5,0,3,malom2
	5->6
	0,-1,0,-1,1,-1,1,-1,1,1,1,1,0,-1,-1,-1,0,-1,0,1,-1,-1,-1,0,0,0,0,2,9,9,6,7,False,46,6,3,0,malom2
	(0,-1,0,-1,1,-1,1,-1,1,1,1,1,0,-1,-1,-1,0,-1,0,1,-1,-1,-1,0,1,0,0,2,9,9,6,7,False,46,6,3,0,malom2)

0,0,9,9:
-1,-1,-1,-1,-1,-1,-1,-1,-1,-1,-1,-1,-1,-1,-1,-1,-1,-1,-1,-1,-1,-1,-1,-1,0,0,0,1,0,0,0,0,False,0,0,0,3,malom2


-1,0,1,0,1,0,1,-1,1,-1,0,-1,0,1,0,1,0,-1,0,1,0,1,-1,1,1,0,0,2,9,9,9,9,False,59,41,3,0,malom2
	8->0
1,-1,-1,-1,-1,-1,-1,-1,-1,-1,-1,-1,-1,-1,-1,-1,-1,0,-1,-1,-1,-1,-1,-1,0,0,0,1,1,1,1,1,False,2,0,0,3,malom2
	15
1,-1,1,-1,-1,-1,-1,-1,-1,-1,0,-1,-1,-1,-1,-1,-1,-1,0,-1,-1,-1,-1,-1,0,0,0,1,2,2,2,2,False,4,0,0,3,malom2
	22
	
-1,0,-1,-1,-1,0,-1,0,-1,-1,1,-1,-1,-1,1,-1,-1,-1,-1,-1,-1,-1,-1,-1,1,0,0,1,3,2,3,2,False,5,0,0,3,malom2


!!!
1,0,0,-1,-1,1,-1,0,-1,0,1,1,-1,-1,-1,1,0,1,0,-1,-1,1,0,0,0,0,0,2,9,9,8,7,False,41,8,3,0,malom2
	1,0,0,-1,-1,1,-1,0,-1,0,1,1,-1,-1,-1,1,0,1,0,-1,-1,1,0,0,0,0,0,2,9,9,8,7,False,41,8,0,3,malom2


1,1,1,-1,1,-1,-1,-1,0,0,0,1,0,1,0,0,-1,-1,-1,-1,-1,-1,0,-1,0,0,0,1,7,7,7,6,False,15,0,0,3,malom2


1,1,1,-1,0,-1,-1,-1,0,0,0,0,-1,-1,-1,1,-1,-1,-1,-1,-1,-1,-1,-1,0,0,0,1,5,5,5,4,False,11,0,0,3,malom2


1,-1,1,0,-1,-1,-1,-1,0,0,0,1,1,0,1,0,1,-1,-1,-1,-1,-1,0,-1,0,0,0,1,7,7,7,6,False,15,0,0,2,malom2

-1,0,1,1,1,1,1,0,1,0,1,1,0,0,0,0,0,-1,0,-1,-1,-1,-1,-1,1,0,0,1,9,9,9,8,True,19,0,2,0,malom2